292806652602887936
7882722173948067944
1193524888583021076
2450035300865443378
10376927514229547662
9592976452805001344
5603256393949319464
7295833597385409199
111494330034952713
7229624364214948240
2630683282634971168
15767068770048681
2958112962931806769
10550047346455581738
9835864496286467139
14074422975781801740
4833567681272873012
5197790686028629000
9224075798519164940
1785686118139176610
721702776857559808
4650072309633122587
1732769316457204764
23082463140266580
1441231252401447430
432725196994144274
3465556473701140494
2467982526501683360
4913788383769157632
39407132430324224
1180252168289266052
129200594854888259
10547729482548545608
2471350854654299167
14159334856610316352
1194379700796391552
10099324380581531664
37929856954568836
72233799435508229
10808853047137317112
2549601649314287889
73755313576117931
7352281011044033057
13997944724914241672
14627982567325007940
10376646495566070052
3611887039353625644
741094461665542
1245916276741177801
2314875613520595204
4629738075277519136
2534415534518213064
7353831226745089
148619754139288603
27051301794383634
9331898241211828768
738610136608686592
13988255777574912644
1193462972333689092
9286427611928470643
2455607698764078189
4648139501817344084
325468928029532965
1265793245432318144
