9259404066910405221
950259659099539488
9754797379283583009
144125704949481984
144120755444121628
1008825016820733842
11240989626330912275
144121794929098881
4613445239816898128
4800872736123855877
9228095543915383308
432644941248741506
288371128677074960
90195142279235208
9250613573653156160
12117814407950575680
14420526281722504280
7351423804031633489
315291573515006018
4621678929991737442
1157566400136497184
7009293169793957891
10232578575660255839
2473975119876
586035378008803352
13856172254246736640
9295573948505333833
9368771761872568832
3483754493270880298
10559297914915536916
10736652181716666880
40252046951399732
576624187157774688
26800784670802
436152350877550852
4613991085024218388
4936604082698718720
6955810178526479392
774918757155906944
4713738431480463436
6062092789473492992
3758256917726628368
10142639763631775744
3110877386347216898
4833101890542506049
7349962836334366721
5784880318452859917
7016867985641972738
17942517113378873355
6413526383684751488
12747870853899748608
11862484238358940932
17302979303029604360
2485989210914398464
4612980154418873028
4918777451420615744
9368598281984280386
1427806700287074626
3613927784289682978
288806795190247458
73218747740980546
13984094726140241970
5770872286929354758
684586770892891586
